143
0 192 912
0 256 912
4 192 880
3 256 880
0 320 880
4 320 912
3 384 912
0 448 912
0 512 912
4 576 912
3 640 912
0 704 912
0 768 912
3 832 912
0 896 912
0 960 912
4 1024 912
3 1088 912
0 1152 912
0 1216 912
0 1280 912
3 1344 912
4 1408 912
0 1472 912
0 1536 912
3 1600 912
4 1664 912
0 1728 912
0 1728 880
3 1664 880
4 1600 880
0 1536 880
0 1472 880
3 1408 880
4 1344 880
0 1280 880
0 1216 880
3 1152 880
4 1088 880
0 1024 880
0 960 880
3 896 880
4 832 880
0 768 880
0 704 880
3 640 880
4 576 880
0 512 880
0 448 880
3 384 880
4 192 848
0 192 816
0 192 784
3 192 752
4 192 720
0 192 688
0 192 656
3 192 624
4 192 592
0 192 560
0 192 528
3 192 496
4 192 464
0 192 432
0 192 400
3 192 368
4 192 336
0 192 304
0 256 304
3 256 336
4 256 368
0 256 400
0 256 432
3 256 464
4 256 496
0 256 528
0 256 560
3 256 592
4 256 624
0 256 656
0 256 688
3 256 720
4 256 752
0 256 784
0 256 816
3 256 848
4 896 304
0 960 304
0 1664 848
3 1728 848
4 1728 816
0 1664 816
0 1664 784
3 1728 784
4 1728 752
0 1664 752
0 1664 720
3 1728 720
4 1728 688
0 1664 688
0 1664 656
3 1728 656
4 1728 624
0 1664 624
0 1664 592
3 1728 592
4 1728 560
0 1664 560
0 1664 528
3 1728 528
4 1728 496
0 1664 496
0 1664 464
3 1728 464
4 1728 432
0 1664 432
0 1664 400
0 1664 368
3 1728 400
4 1728 368
0 1664 336
0 1728 336
3 1664 304
4 1728 304
0 1600 304
0 1536 304
3 1472 304
4 1280 304
0 1344 304
0 1408 304
3 1216 304
4 1152 304
0 1088 304
0 1024 304
3 320 304
4 384 304
0 448 304
0 512 304
3 576 304
4 640 304
0 704 304
0 768 304
3 832 304
