143
0 224 960
3 288 960
4 352 960
1 416 960
0 480 960
0 544 960
3 608 960
4 672 960
1 736 960
0 800 960
0 864 960
3 928 960
4 992 960
1 1056 960
0 1120 960
0 1184 960
3 1248 960
4 1312 960
1 1376 960
0 1440 960
3 1504 960
4 1568 960
0 1632 960
1 256 928
0 320 928
0 384 928
1 448 928
0 512 928
0 576 928
1 640 928
0 704 928
0 768 928
1 832 928
0 896 928
0 960 928
1 1024 928
0 1088 928
0 1152 928
1 1216 928
0 1280 928
0 1344 928
1 1408 928
0 1472 928
0 1536 928
1 288 896
0 1504 896
3 1440 896
4 1376 896
1 1312 896
0 1248 896
3 1184 896
4 1120 896
1 1056 896
0 992 896
4 928 896
3 864 896
0 800 896
1 736 896
0 672 896
0 480 896
3 544 896
1 416 896
4 352 896
4 608 896
0 288 720
0 416 720
1 480 720
0 672 720
0 736 720
1 800 720
0 992 720
0 1056 720
1 1248 720
0 1312 720
0 1504 720
1 1536 688
0 1408 688
0 1280 688
1 1152 688
1 1024 688
1 896 688
1 768 688
1 640 688
1 512 688
1 384 688
1 320 688
1 352 656
1 1504 656
3 1568 720
3 1376 720
3 1120 720
3 864 720
3 544 720
3 448 688
3 704 688
3 960 688
3 1216 688
1 1440 656
1 1312 656
1 1248 656
1 1120 656
1 1056 656
1 928 656
1 864 656
1 736 656
1 672 656
1 544 656
1 480 656
4 352 720
4 608 720
4 928 720
4 1184 720
4 1440 720
4 1376 656
4 992 656
4 832 688
4 576 688
4 1472 688
4 608 656
3 800 656
3 1184 656
3 416 656
1 1344 688
1 1088 688
1 1536 864
1 1568 832
1 1600 768
1 256 864
1 224 832
1 224 768
4 1600 800
3 224 800
1 1664 640
1 1696 672
1 1728 704
1 1792 672
1 1824 640
1 1792 608
1 1728 576
1 1664 544
1 1664 512
1 1728 512
1 1792 512
