98
2 672 928
2 736 928
2 704 960
2 832 960
2 896 960
2 928 928
2 896 896
2 960 896
2 992 864
2 928 832
2 896 800
2 960 800
2 928 768
2 960 736
2 928 704
2 992 704
2 992 672
2 896 640
2 864 608
2 928 608
2 768 576
2 704 576
2 672 608
2 704 640
3 1120 576
3 1184 576
3 1248 576
3 1312 576
3 1376 576
3 1440 576
3 1504 576
3 1568 576
3 1632 576
3 1696 576
3 1760 576
3 1824 576
4 480 576
4 416 576
4 352 576
4 288 576
4 224 576
4 160 576
4 96 576
0 96 544
0 160 544
0 224 544
0 288 544
0 352 544
0 416 544
0 480 544
0 1120 544
0 1184 544
0 1248 544
0 1312 544
0 1376 544
0 1440 544
0 1504 544
0 1568 544
0 1632 544
0 1696 544
0 1760 544
0 1824 544
3 864 768
3 992 832
3 864 928
3 704 896
3 736 608
3 928 672
3 896 576
4 832 576
4 640 640
4 960 640
4 896 736
4 928 864
4 768 960
4 640 896
4 1728 672
4 1248 960
4 1728 944
4 1344 720
4 1536 832
3 448 672
3 160 688
3 480 784
3 320 784
3 160 960
3 448 976
4 1504 640
4 1184 848
4 1120 688
2 736 544
2 800 544
2 864 544
2 736 992
2 800 992
2 864 992
2 640 864
2 640 672
